0
1
2
3
4
5
6
7
8
9
10
11
12
13
14
15
16
17
18
19
20
21
22
23
24
25
26
27
28
29
30
31
32
33
34
35
36
37
38
39
40
41
42
43
44
45
46
47
48
49
50
51
52
53
54
55
56
57
58
59
60
61
62
63
64
65
66
67
68
69
70
71
72
73
74
75
76
77
78
79
80
81
82
83
84
85
86
87
88
89
90
91
92
93
94
95
96
97
98
99
#
0 1 33
0 2 9
0 3 13
0 7 21
0 10 35
0 11 2
0 12 5
0 13 35
0 16 6
0 18 4
0 21 16
0 22 17
0 23 39
0 27 14
0 28 47
0 32 39
0 34 42
0 41 50
0 44 5
0 48 19
0 50 48
0 54 8
0 58 42
0 59 27
0 64 17
0 65 41
0 70 22
0 71 20
0 73 23
0 74 15
0 76 14
0 77 25
0 78 2
0 79 15
0 81 5
0 84 15
0 89 27
0 91 26
0 96 44
0 97 11
0 99 38
1 0 45
1 4 9
1 5 13
1 6 26
1 7 35
1 11 22
1 12 25
1 16 30
1 17 26
1 18 39
1 19 18
1 22 3
1 23 9
1 27 27
1 31 25
1 32 29
1 34 39
1 35 10
1 36 8
1 40 45
1 41 19
1 42 16
1 45 29
1 47 47
1 53 31
1 54 21
1 55 6
1 56 32
1 59 20
1 64 18
1 66 6
1 67 17
1 68 22
1 73 40
1 74 26
1 76 37
1 82 1
1 85 31
1 86 36
1 90 7
1 92 24
1 93 28
1 94 49
1 99 39
2 0 4
2 1 17
2 4 5
2 7 22
2 9 22
2 10 47
2 11 27
2 12 12
2 13 11
2 14 1
2 15 34
2 16 20
2 17 43
2 18 34
2 22 2
2 23 48
2 24 39
2 26 4
2 27 41
2 28 41
2 30 22
2 31 26
2 32 37
2 33 16
2 34 30
2 38 26
2 42 3
2 43 20
2 44 11
2 46 9
2 47 19
2 48 49
2 49 47
2 52 47
2 53 1
2 54 7
2 55 7
2 56 29
2 57 8
2 58 30
2 60 49
2 61 33
2 62 50
2 63 42
2 64 34
2 66 48
2 67 21
2 68 18
2 69 3
2 70 41
2 73 41
2 75 26
2 77 13
2 80 6
2 82 36
2 84 42
2 85 41
2 86 16
2 89 47
2 93 30
2 94 43
2 96 29
2 98 44
2 99 25
3 0 27
3 1 6
3 2 27
3 7 28
3 9 24
3 10 18
3 12 1
3 14 4
3 16 30
3 17 23
3 18 15
3 19 30
3 20 33
3 22 40
3 23 23
3 25 6
3 29 33
3 33 49
3 35 25
3 38 39
3 39 48
3 40 43
3 42 37
3 43 4
3 46 38
3 47 7
3 49 1
3 50 28
3 51 36
3 54 35
3 55 26
3 56 41
3 57 7
3 58 34
3 64 18
3 66 46
3 68 15
3 70 14
3 71 40
3 72 11
3 75 39
3 78 3
3 84 35
3 85 22
3 87 30
3 89 27
3 92 13
3 93 14
3 94 21
3 96 10
3 97 49
3 98 14
4 1 16
4 2 11
4 3 22
4 8 2
4 12 42
4 15 28
4 16 33
4 17 24
4 18 10
4 21 5
4 24 42
4 25 26
4 26 14
4 28 40
4 31 45
4 32 37
4 34 50
4 35 5
4 38 33
4 40 27
4 41 44
4 43 16
4 44 27
4 47 3
4 50 14
4 52 22
4 56 12
4 59 1
4 60 42
4 61 31
4 64 33
4 67 24
4 68 37
4 71 6
4 72 26
4 74 35
4 78 1
4 81 40
4 83 31
4 87 5
4 88 48
4 91 2
4 95 30
4 96 39
4 97 6
4 98 33
4 99 18
5 0 34
5 1 33
5 3 49
5 4 8
5 8 30
5 9 35
5 11 14
5 12 27
5 17 27
5 19 13
5 20 24
5 21 14
5 22 34
5 23 40
5 26 35
5 27 22
5 29 37
5 31 42
5 33 7
5 37 27
5 38 40
5 39 11
5 40 47
5 41 31
5 43 41
5 46 13
5 47 23
5 48 21
5 49 36
5 50 9
5 51 30
5 52 2
5 53 17
5 57 21
5 58 17
5 59 25
5 63 45
5 66 34
5 68 18
5 71 19
5 74 20
5 75 22
5 76 35
5 84 5
5 86 14
5 88 8
5 89 30
5 90 6
5 92 13
5 94 40
5 95 11
6 2 28
6 11 3
6 12 27
6 14 31
6 18 44
6 19 21
6 20 31
6 21 7
6 23 6
6 24 48
6 26 42
6 27 38
6 29 15
6 30 47
6 32 14
6 35 20
6 36 23
6 37 31
6 38 46
6 40 41
6 43 48
6 45 36
6 49 27
6 51 8
6 55 31
6 57 43
6 58 36
6 61 19
6 62 5
6 63 6
6 64 4
6 67 46
6 70 35
6 72 4
6 76 37
6 77 40
6 78 1
6 80 50
6 83 2
6 87 8
6 89 7
6 91 10
6 94 34
6 97 10
6 98 50
6 99 19
7 0 9
7 6 41
7 8 28
7 9 29
7 10 10
7 11 3
7 13 8
7 14 44
7 16 23
7 18 36
7 19 6
7 20 49
7 21 47
7 23 47
7 24 34
7 28 5
7 29 11
7 32 6
7 33 24
7 37 30
7 40 2
7 41 18
7 42 43
7 44 37
7 48 31
7 51 10
7 53 47
7 54 37
7 55 10
7 57 22
7 58 30
7 59 29
7 60 28
7 61 7
7 62 47
7 63 11
7 65 13
7 67 34
7 71 4
7 76 8
7 77 31
7 78 14
7 81 21
7 82 21
7 83 32
7 85 18
7 86 16
7 87 31
7 90 37
7 92 25
7 95 48
7 96 29
7 97 18
7 98 41
8 1 23
8 2 26
8 3 11
8 7 16
8 15 34
8 16 28
8 17 9
8 20 30
8 21 35
8 23 27
8 24 44
8 25 37
8 27 34
8 28 21
8 32 46
8 33 37
8 34 49
8 37 33
8 38 31
8 39 18
8 41 17
8 43 41
8 44 34
8 45 20
8 46 18
8 47 17
8 48 5
8 50 49
8 51 43
8 52 19
8 53 46
8 54 33
8 57 13
8 58 23
8 61 1
8 64 25
8 66 31
8 67 47
8 69 43
8 70 28
8 75 47
8 76 13
8 77 30
8 79 28
8 80 18
8 81 3
8 84 47
8 86 19
8 87 27
8 88 35
8 89 11
8 92 22
8 95 27
8 96 4
8 98 49
9 2 6
9 3 33
9 5 26
9 6 11
9 7 14
9 10 15
9 12 29
9 15 21
9 21 27
9 22 36
9 25 39
9 28 17
9 30 6
9 31 19
9 33 47
9 38 1
9 41 23
9 42 31
9 43 36
9 44 49
9 45 18
9 46 24
9 48 47
9 49 40
9 50 30
9 51 7
9 54 19
9 56 17
9 57 41
9 58 39
9 59 35
9 60 17
9 63 22
9 68 27
9 72 1
9 73 24
9 75 38
9 76 16
9 80 33
9 83 16
9 86 23
9 90 24
9 91 30
9 92 7
9 98 45
9 99 19
10 2 23
10 4 10
10 5 16
10 6 17
10 7 42
10 8 34
10 9 23
10 12 28
10 17 15
10 20 13
10 21 16
10 23 50
10 27 10
10 29 8
10 33 4
10 34 21
10 35 3
10 38 39
10 39 2
10 40 47
10 41 25
10 42 32
10 45 25
10 46 30
10 47 45
10 51 11
10 53 29
10 60 23
10 61 29
10 62 3
10 63 43
10 65 40
10 69 18
10 71 26
10 74 2
10 75 27
10 76 8
10 77 8
10 79 30
10 81 27
10 82 46
10 83 36
10 84 4
10 88 15
10 96 19
10 98 22
11 1 44
11 4 25
11 5 48
11 6 13
11 8 22
11 9 40
11 10 41
11 13 33
11 15 25
11 16 29
11 17 49
11 18 50
11 20 17
11 22 44
11 23 13
11 24 19
11 25 5
11 30 46
11 32 47
11 36 27
11 38 3
11 45 18
11 47 23
11 48 21
11 49 20
11 51 28
11 52 37
11 53 39
11 54 13
11 55 14
11 57 18
11 60 50
11 62 43
11 64 30
11 65 29
11 69 18
11 70 33
11 73 35
11 77 47
11 78 13
11 80 20
11 85 3
11 86 35
11 89 10
11 91 11
11 92 39
11 99 35
12 0 39
12 1 2
12 2 50
12 3 49
12 4 8
12 7 7
12 9 28
12 11 19
12 13 23
12 15 23
12 16 15
12 18 22
12 19 29
12 21 16
12 22 50
12 23 24
12 24 23
12 26 12
12 27 17
12 29 21
12 32 41
12 34 33
12 36 16
12 37 2
12 39 15
12 40 6
12 41 16
12 43 25
12 44 23
12 50 15
12 54 40
12 62 35
12 63 48
12 64 34
12 66 36
12 68 7
12 71 37
12 80 40
12 82 50
12 87 11
12 88 18
12 89 7
12 91 20
12 98 34
13 0 44
13 2 16
13 3 46
13 4 25
13 7 27
13 10 37
13 15 48
13 16 3
13 18 50
13 19 23
13 20 24
13 21 29
13 22 37
13 23 9
13 24 35
13 27 10
13 30 40
13 31 20
13 32 5
13 35 28
13 38 31
13 39 14
13 40 23
13 41 15
13 42 10
13 46 11
13 47 9
13 48 12
13 50 17
13 52 4
13 53 5
13 59 20
13 60 12
13 61 31
13 62 50
13 64 39
13 65 50
13 67 12
13 68 2
13 70 17
13 71 32
13 73 20
13 74 33
13 75 21
13 78 43
13 80 2
13 83 10
13 86 7
13 89 6
13 90 19
13 91 43
13 92 29
13 96 19
13 97 32
13 98 36
14 0 13
14 2 7
14 4 40
14 9 23
14 17 9
14 19 12
14 24 10
14 25 27
14 26 19
14 28 14
14 29 36
14 30 16
14 35 41
14 37 1
14 40 42
14 42 49
14 43 14
14 46 27
14 49 33
14 51 36
14 54 2
14 56 46
14 57 30
14 58 24
14 59 7
14 61 5
14 64 18
14 67 26
14 69 22
14 70 24
14 75 17
14 76 23
14 77 20
14 79 43
14 83 40
14 85 37
14 86 49
14 88 6
14 90 41
14 91 22
14 98 10
15 0 11
15 2 34
15 3 22
15 5 39
15 6 8
15 7 36
15 8 23
15 9 45
15 11 48
15 14 37
15 16 31
15 20 23
15 21 35
15 25 10
15 26 7
15 28 1
15 31 12
15 36 38
15 39 44
15 40 23
15 41 46
15 43 13
15 46 40
15 48 14
15 49 38
15 52 2
15 54 47
15 57 12
15 58 43
15 60 39
15 61 43
15 62 22
15 65 42
15 66 40
15 68 40
15 73 50
15 76 48
15 77 36
15 79 29
15 80 42
15 82 7
15 84 47
15 85 37
15 86 1
15 87 41
15 88 46
15 89 21
15 91 3
15 93 44
15 98 21
15 99 36
16 0 22
16 11 13
16 13 32
16 14 15
16 15 15
16 18 10
16 19 50
16 20 19
16 21 16
16 24 20
16 26 16
16 28 13
16 30 12
16 32 26
16 33 48
16 34 15
16 35 12
16 42 9
16 43 30
16 44 21
16 45 48
16 49 7
16 50 47
16 54 3
16 56 14
16 57 31
16 61 3
16 63 41
16 66 7
16 69 48
16 70 38
16 73 48
16 77 46
16 78 5
16 79 27
16 81 9
16 83 8
16 84 39
16 85 31
16 87 34
16 90 15
16 92 8
16 93 43
16 94 29
16 95 39
17 0 37
17 3 10
17 4 41
17 6 19
17 7 47
17 8 33
17 9 12
17 10 3
17 14 28
17 20 39
17 21 11
17 22 18
17 23 8
17 26 42
17 28 37
17 29 26
17 35 21
17 36 9
17 41 1
17 42 23
17 43 43
17 44 21
17 50 19
17 53 26
17 56 27
17 58 5
17 62 25
17 63 5
17 64 32
17 65 32
17 68 44
17 71 48
17 72 14
17 74 1
17 75 22
17 77 8
17 78 6
17 85 18
17 86 32
17 90 38
17 92 9
17 99 46
18 0 50
18 1 34
18 4 29
18 5 47
18 7 4
18 8 28
18 10 22
18 11 36
18 13 44
18 20 14
18 23 30
18 30 40
18 32 7
18 33 28
18 38 44
18 39 16
18 40 2
18 41 37
18 42 39
18 43 20
18 45 32
18 48 22
18 50 30
18 51 33
18 52 36
18 54 2
18 55 3
18 57 46
18 58 22
18 62 37
18 63 14
18 64 14
18 66 47
18 67 4
18 68 24
18 70 48
18 71 10
18 73 5
18 75 7
18 78 46
18 80 14
18 85 38
18 86 30
18 87 39
18 89 30
18 92 38
18 93 19
18 95 20
18 97 35
18 99 46
19 0 49
19 1 46
19 4 22
19 5 23
19 6 17
19 7 37
19 8 23
19 9 7
19 16 8
19 17 1
19 21 24
19 25 41
19 27 48
19 31 20
19 36 48
19 38 25
19 40 16
19 42 7
19 44 19
19 45 4
19 46 37
19 48 4
19 49 7
19 54 15
19 56 29
19 57 38
19 63 26
19 65 7
19 69 38
19 70 3
19 71 27
19 72 22
19 73 24
19 74 27
19 75 38
19 76 41
19 77 3
19 80 35
19 84 41
19 85 50
19 89 45
19 95 16
19 98 19
19 99 8
20 2 42
20 3 6
20 5 24
20 6 50
20 9 48
20 10 21
20 11 8
20 13 41
20 14 26
20 18 40
20 19 40
20 22 20
20 23 13
20 24 41
20 26 42
20 27 5
20 28 9
20 30 31
20 32 17
20 33 25
20 35 23
20 36 7
20 38 11
20 40 43
20 42 1
20 44 46
20 46 29
20 47 23
20 48 32
20 51 4
20 52 28
20 54 23
20 55 46
20 57 43
20 58 48
20 60 31
20 61 23
20 62 42
20 65 40
20 72 14
20 74 37
20 76 3
20 78 2
20 79 32
20 80 27
20 82 6
20 84 41
20 85 44
20 88 47
20 89 26
20 90 20
20 93 15
20 94 40
20 99 39
21 1 6
21 2 20
21 3 12
21 4 30
21 5 24
21 7 45
21 8 38
21 12 34
21 13 25
21 14 41
21 16 3
21 19 32
21 20 48
21 28 3
21 30 21
21 32 19
21 40 15
21 41 13
21 42 28
21 47 45
21 50 6
21 51 32
21 52 22
21 53 31
21 54 46
21 57 26
21 62 9
21 63 24
21 64 24
21 65 31
21 67 23
21 68 43
21 73 25
21 76 3
21 79 1
21 80 6
21 81 50
21 83 27
21 88 23
21 90 21
21 91 18
21 92 49
21 93 16
21 95 42
21 96 13
21 97 18
21 98 27
21 99 22
22 3 10
22 4 24
22 5 8
22 10 12
22 13 50
22 14 9
22 17 15
22 18 40
22 19 33
22 20 48
22 23 13
22 25 35
22 30 30
22 32 43
22 34 2
22 36 11
22 37 20
22 39 37
22 40 24
22 42 43
22 43 43
22 47 27
22 48 35
22 50 36
22 51 47
22 52 44
22 53 5
22 55 26
22 56 28
22 57 45
22 58 30
22 60 33
22 62 33
22 64 37
22 66 43
22 67 8
22 68 15
22 70 19
22 78 9
22 79 8
22 80 46
22 82 41
22 83 24
22 86 47
22 87 15
22 89 15
22 91 8
22 92 7
22 93 7
22 94 38
22 98 45
23 6 16
23 10 2
23 11 40
23 13 19
23 14 6
23 17 21
23 19 31
23 20 42
23 26 38
23 27 2
23 28 39
23 29 37
23 30 42
23 32 14
23 34 37
23 35 37
23 36 38
23 38 19
23 39 8
23 44 35
23 45 8
23 46 41
23 47 33
23 49 31
23 50 12
23 52 31
23 53 26
23 54 39
23 56 31
23 57 19
23 58 34
23 59 46
23 61 20
23 65 21
23 66 40
23 67 50
23 68 17
23 69 38
23 71 36
23 76 19
23 77 3
23 78 7
23 83 43
23 87 45
23 88 19
23 90 49
23 93 35
23 95 33
23 97 33
23 98 18
23 99 11
24 2 49
24 3 45
24 4 2
24 8 30
24 10 28
24 11 27
24 14 41
24 16 12
24 17 16
24 18 20
24 20 13
24 23 2
24 26 50
24 27 30
24 28 21
24 29 12
24 30 11
24 32 19
24 33 12
24 34 38
24 35 19
24 36 1
24 37 15
24 38 17
24 39 13
24 40 9
24 41 2
24 42 12
24 44 19
24 46 19
24 47 32
24 48 8
24 49 23
24 51 19
24 53 20
24 54 18
24 57 32
24 58 15
24 63 6
24 64 13
24 66 1
24 67 21
24 68 48
24 69 49
24 72 18
24 74 16
24 75 45
24 76 50
24 77 4
24 78 37
24 79 7
24 81 30
24 82 26
24 83 10
24 84 12
24 85 47
24 91 14
24 93 40
25 0 32
25 3 43
25 4 6
25 5 20
25 10 26
25 11 3
25 12 17
25 13 3
25 14 5
25 15 32
25 16 15
25 17 41
25 19 19
25 20 5
25 21 1
25 22 9
25 23 16
25 26 24
25 27 8
25 29 13
25 31 48
25 36 39
25 37 25
25 38 12
25 46 15
25 48 46
25 49 26
25 51 20
25 54 11
25 56 34
25 57 13
25 60 5
25 61 22
25 62 3
25 65 18
25 67 29
25 69 41
25 71 33
25 72 41
25 73 36
25 75 11
25 80 16
25 82 10
25 85 40
25 86 1
25 87 42
25 88 42
25 89 7
25 90 10
25 91 22
25 92 26
25 93 18
25 94 12
25 95 49
25 96 24
25 97 42
26 1 13
26 2 7
26 3 49
26 6 1
26 8 46
26 11 29
26 14 8
26 15 28
26 17 17
26 18 25
26 20 22
26 22 46
26 23 44
26 25 17
26 28 10
26 37 27
26 38 34
26 39 12
26 43 38
26 44 25
26 46 37
26 48 7
26 52 46
26 53 10
26 55 32
26 56 28
26 59 43
26 61 39
26 62 28
26 63 22
26 65 10
26 67 3
26 68 46
26 69 1
26 70 6
26 71 3
26 73 37
26 74 9
26 77 10
26 78 2
26 87 40
26 88 38
26 89 7
26 93 42
26 94 39
26 96 12
26 98 25
26 99 44
27 2 33
27 4 44
27 11 40
27 12 15
27 13 38
27 14 49
27 15 36
27 17 37
27 18 18
27 21 6
27 24 36
27 25 10
27 28 39
27 29 42
27 30 10
27 32 47
27 33 24
27 34 49
27 38 30
27 39 7
27 42 23
27 43 17
27 44 42
27 46 13
27 47 5
27 48 47
27 49 38
27 51 38
27 52 37
27 53 42
27 54 18
27 55 43
27 56 45
27 57 48
27 58 13
27 60 34
27 61 18
27 66 44
27 68 21
27 69 50
27 71 32
27 72 10
27 74 26
27 76 35
27 77 23
27 84 37
27 85 23
27 86 35
27 87 21
27 88 5
27 90 22
27 91 45
27 93 12
27 94 13
27 96 50
27 97 36
28 0 12
28 2 8
28 3 40
28 5 12
28 6 22
28 7 2
28 8 4
28 15 30
28 16 32
28 17 28
28 19 40
28 20 2
28 22 30
28 32 42
28 35 38
28 37 45
28 42 48
28 45 37
28 50 33
28 52 5
28 53 20
28 54 30
28 55 3
28 56 33
28 59 29
28 62 10
28 63 21
28 65 25
28 66 7
28 68 23
28 69 12
28 71 2
28 77 6
28 78 28
28 80 46
28 81 24
28 83 8
28 85 29
28 86 36
28 90 24
28 92 14
28 95 2
28 97 36
28 99 18
29 0 28
29 1 38
29 2 14
29 8 23
29 9 33
29 12 35
29 14 9
29 16 15
29 17 31
29 21 9
29 22 36
29 30 37
29 34 49
29 35 32
29 36 38
29 37 3
29 41 14
29 45 10
29 49 26
29 50 13
29 53 34
29 55 12
29 56 50
29 59 28
29 61 25
29 63 5
29 64 45
29 65 10
29 69 45
29 70 9
29 71 9
29 74 4
29 76 50
29 77 46
29 81 41
29 82 38
29 88 29
29 89 24
29 93 26
29 98 45
29 99 13
30 0 27
30 2 24
30 3 40
30 5 21
30 9 27
30 11 6
30 12 25
30 14 3
30 16 13
30 18 18
30 19 29
30 22 26
30 24 34
30 25 26
30 26 42
30 27 15
30 31 34
30 32 31
30 35 11
30 43 39
30 45 22
30 48 45
30 50 27
30 52 42
30 53 3
30 55 40
30 56 1
30 58 36
30 59 2
30 60 43
30 61 3
30 62 2
30 63 42
30 64 42
30 65 29
30 66 38
30 67 39
30 68 6
30 70 33
30 75 12
30 79 10
30 80 31
30 83 47
30 84 27
30 85 22
30 86 2
30 87 34
30 89 47
30 92 14
30 93 45
30 94 31
30 96 37
30 98 5
31 1 9
31 2 17
31 4 5
31 6 10
31 7 42
31 8 20
31 9 14
31 12 9
31 17 34
31 18 28
31 19 40
31 24 6
31 25 48
31 26 10
31 28 22
31 29 23
31 33 3
31 34 10
31 37 44
31 39 4
31 40 46
31 43 1
31 45 3
31 46 33
31 47 27
31 48 14
31 49 9
31 50 48
31 53 39
31 54 41
31 56 34
31 58 5
31 61 18
31 62 1
31 63 37
31 64 38
31 65 15
31 66 49
31 68 33
31 69 21
31 70 50
31 72 6
31 73 32
31 74 21
31 76 42
31 77 38
31 78 45
31 80 15
31 82 8
31 83 4
31 85 33
31 90 43
31 92 15
31 93 27
31 94 37
31 96 41
31 97 33
31 99 24
32 1 3
32 7 6
32 8 27
32 10 23
32 14 8
32 16 15
32 18 26
32 20 33
32 26 30
32 27 37
32 31 6
32 34 13
32 35 25
32 38 45
32 40 26
32 41 3
32 44 10
32 45 4
32 47 1
32 48 41
32 49 28
32 50 37
32 52 38
32 53 18
32 58 32
32 59 48
32 61 2
32 62 40
32 63 13
32 64 16
32 66 48
32 69 50
32 70 3
32 71 36
32 76 28
32 79 23
32 81 3
32 86 7
32 88 14
32 89 36
32 90 45
32 94 38
32 95 21
32 96 10
33 0 46
33 1 23
33 2 14
33 3 32
33 4 21
33 5 44
33 7 23
33 8 42
33 13 25
33 15 33
33 17 43
33 20 34
33 22 33
33 24 22
33 25 47
33 28 6
33 31 33
33 34 24
33 36 24
33 37 22
33 38 45
33 39 11
33 40 31
33 42 43
33 43 11
33 45 15
33 46 16
33 47 17
33 49 40
33 52 13
33 53 37
33 57 20
33 58 40
33 64 19
33 67 48
33 73 15
33 81 18
33 82 17
33 83 19
33 86 7
33 87 20
33 89 42
33 91 32
33 92 13
33 95 26
33 96 11
34 0 31
34 3 47
34 4 35
34 7 22
34 9 34
34 10 40
34 11 7
34 12 37
34 14 42
34 15 36
34 18 43
34 19 29
34 20 7
34 22 12
34 28 41
34 29 31
34 30 42
34 31 6
34 32 5
34 33 35
34 36 8
34 38 19
34 41 14
34 44 4
34 45 41
34 50 16
34 52 9
34 53 41
34 55 44
34 56 11
34 57 48
34 59 33
34 60 31
34 62 41
34 64 13
34 66 1
34 70 10
34 73 7
34 76 49
34 77 6
34 78 7
34 79 38
34 80 29
34 83 11
34 85 36
34 88 40
34 91 47
34 94 20
35 0 29
35 2 40
35 4 35
35 5 19
35 6 26
35 9 21
35 17 34
35 21 3
35 28 8
35 30 50
35 31 29
35 32 36
35 36 29
35 38 32
35 39 47
35 40 45
35 42 15
35 44 31
35 49 42
35 51 50
35 52 31
35 54 16
35 55 9
35 57 19
35 58 46
35 65 12
35 67 36
35 70 27
35 71 9
35 72 32
35 73 32
35 76 24
35 78 24
35 80 15
35 81 2
35 82 40
35 83 37
35 84 7
35 86 24
35 91 36
35 93 5
35 95 14
35 97 5
35 98 27
36 0 2
36 1 22
36 2 47
36 3 39
36 5 22
36 7 27
36 9 28
36 10 29
36 13 33
36 14 15
36 16 36
36 19 12
36 20 12
36 21 9
36 24 25
36 25 18
36 26 11
36 28 39
36 30 41
36 31 17
36 32 37
36 33 34
36 34 36
36 40 20
36 42 14
36 44 33
36 47 41
36 48 26
36 50 12
36 51 41
36 54 48
36 57 16
36 58 8
36 62 16
36 64 29
36 65 40
36 69 5
36 70 40
36 71 47
36 72 45
36 73 7
36 74 16
36 77 42
36 79 43
36 83 8
36 85 5
36 87 47
36 89 19
36 94 43
37 0 10
37 3 25
37 4 48
37 6 45
37 8 14
37 9 1
37 10 35
37 11 46
37 12 22
37 14 5
37 19 45
37 20 31
37 21 39
37 22 20
37 23 37
37 26 21
37 27 7
37 28 16
37 33 6
37 38 9
37 41 33
37 43 46
37 45 4
37 46 18
37 51 33
37 52 23
37 53 23
37 54 13
37 56 22
37 60 14
37 63 26
37 64 31
37 65 18
37 66 50
37 67 43
37 68 42
37 76 10
37 77 49
37 79 45
37 83 20
37 85 35
37 87 15
37 89 29
37 91 19
37 93 43
37 95 26
37 97 37
38 1 4
38 3 19
38 4 5
38 5 5
38 8 11
38 10 9
38 16 41
38 18 29
38 20 44
38 23 17
38 25 38
38 26 25
38 28 44
38 30 33
38 31 17
38 34 33
38 35 18
38 36 29
38 41 21
38 42 41
38 44 29
38 45 4
38 46 36
38 47 34
38 48 21
38 51 12
38 52 28
38 53 9
38 54 44
38 56 10
38 60 32
38 61 40
38 62 2
38 63 15
38 64 40
38 68 47
38 71 32
38 72 22
38 73 9
38 74 19
38 76 3
38 79 50
38 80 49
38 86 40
38 87 6
38 89 35
38 90 29
38 92 6
38 94 37
39 2 16
39 4 22
39 7 2
39 12 8
39 15 39
39 16 31
39 17 31
39 18 11
39 19 29
39 20 32
39 22 19
39 26 1
39 27 46
39 28 7
39 30 19
39 31 24
39 33 36
39 34 37
39 35 40
39 36 41
39 37 30
39 38 6
39 40 1
39 42 26
39 43 3
39 45 10
39 46 29
39 47 43
39 48 14
39 50 10
39 56 29
39 57 2
39 61 34
39 62 27
39 63 46
39 67 27
39 68 33
39 69 25
39 70 8
39 72 3
39 73 50
39 74 22
39 76 37
39 78 3
39 79 18
39 81 34
39 82 31
39 85 23
39 86 16
39 88 40
39 90 3
39 93 22
39 95 23
39 96 16
39 99 17
40 0 40
40 1 17
40 2 18
40 5 44
40 14 26
40 15 27
40 16 6
40 18 47
40 19 46
40 20 29
40 21 11
40 23 42
40 24 34
40 26 33
40 27 17
40 29 33
40 30 22
40 32 47
40 33 10
40 34 50
40 36 40
40 37 39
40 41 43
40 44 28
40 45 26
40 48 41
40 49 29
40 50 28
40 51 29
40 54 49
40 55 49
40 57 31
40 58 38
40 63 25
40 64 3
40 65 20
40 68 1
40 69 46
40 70 19
40 72 8
40 76 8
40 77 30
40 79 4
40 80 26
40 81 49
40 82 45
40 87 44
40 89 2
40 90 50
40 97 16
41 0 18
41 4 26
41 5 19
41 6 33
41 8 9
41 9 37
41 10 5
41 11 21
41 12 2
41 13 48
41 16 19
41 17 2
41 18 33
41 20 24
41 22 46
41 23 16
41 24 4
41 26 6
41 28 18
41 29 20
41 30 34
41 31 12
41 34 50
41 38 32
41 42 8
41 43 3
41 45 29
41 48 27
41 54 18
41 56 19
41 57 43
41 60 39
41 61 30
41 62 31
41 63 11
41 64 12
41 67 36
41 69 41
41 70 41
41 71 4
41 77 17
41 79 46
41 80 50
41 81 26
41 83 14
41 86 49
41 87 18
41 89 32
41 91 21
41 94 16
41 97 45
41 99 50
42 4 14
42 7 29
42 8 41
42 10 9
42 12 24
42 13 42
42 14 3
42 15 16
42 17 22
42 20 13
42 26 25
42 30 49
42 34 38
42 35 46
42 36 21
42 37 12
42 41 38
42 43 33
42 44 3
42 47 17
42 50 5
42 53 47
42 54 7
42 56 13
42 57 26
42 59 19
42 62 26
42 63 37
42 65 20
42 66 3
42 67 29
42 68 10
42 69 22
42 71 35
42 72 21
42 74 12
42 85 47
42 86 7
42 87 29
42 88 10
42 89 11
42 91 15
42 93 23
42 94 21
42 95 24
43 1 25
43 2 45
43 3 25
43 11 13
43 12 48
43 15 23
43 16 41
43 18 7
43 21 24
43 25 45
43 27 44
43 29 13
43 31 28
43 32 17
43 34 22
43 35 7
43 36 30
43 41 17
43 42 10
43 44 28
43 45 8
43 46 30
43 51 34
43 54 14
43 56 2
43 59 33
43 62 7
43 64 14
43 65 31
43 66 33
43 68 45
43 71 24
43 72 25
43 74 7
43 75 17
43 77 27
43 79 38
43 80 4
43 81 22
43 82 10
43 83 41
43 87 41
43 88 50
43 89 28
43 90 49
43 91 15
43 92 8
43 93 50
43 96 33
43 99 35
44 0 1
44 2 5
44 3 13
44 5 35
44 7 8
44 9 32
44 11 20
44 12 35
44 14 8
44 17 34
44 19 37
44 20 13
44 22 37
44 23 17
44 25 26
44 28 50
44 29 20
44 33 41
44 34 10
44 38 37
44 40 38
44 42 29
44 45 32
44 48 12
44 49 21
44 50 15
44 51 33
44 54 9
44 56 4
44 57 36
44 58 21
44 60 27
44 62 18
44 63 20
44 66 28
44 68 26
44 70 1
44 73 30
44 74 33
44 76 7
44 78 49
44 80 46
44 81 2
44 82 10
44 83 32
44 88 23
44 89 17
44 91 31
44 93 33
44 95 40
44 97 45
45 0 38
45 3 34
45 6 18
45 7 45
45 8 37
45 13 49
45 18 36
45 20 4
45 21 15
45 23 37
45 24 6
45 27 37
45 28 1
45 30 23
45 32 11
45 34 47
45 35 32
45 37 49
45 38 23
45 42 31
45 43 23
45 44 7
45 46 9
45 48 24
45 50 36
45 52 29
45 53 5
45 56 20
45 61 25
45 62 19
45 64 19
45 68 14
45 69 1
45 70 8
45 71 32
45 72 13
45 73 18
45 75 22
45 76 42
45 77 37
45 78 47
45 79 19
45 83 12
45 88 35
45 89 39
45 90 15
45 91 17
45 92 23
45 93 6
45 94 35
45 95 49
45 96 25
45 99 44
46 0 18
46 1 18
46 3 2
46 5 36
46 6 22
46 7 24
46 9 4
46 10 19
46 11 31
46 12 46
46 13 47
46 14 13
46 15 36
46 18 38
46 21 22
46 24 5
46 26 28
46 28 5
46 31 44
46 34 22
46 35 3
46 36 10
46 38 37
46 39 15
46 43 45
46 50 10
46 53 22
46 60 8
46 61 13
46 68 48
46 69 33
46 74 12
46 76 22
46 77 28
46 80 38
46 81 15
46 84 9
46 86 21
46 88 44
46 89 22
46 92 37
46 93 48
46 94 40
46 95 1
46 96 25
46 98 40
46 99 48
47 1 28
47 5 30
47 7 23
47 9 33
47 10 14
47 11 42
47 13 25
47 14 28
47 16 35
47 18 39
47 23 20
47 26 20
47 32 25
47 33 47
47 34 18
47 38 44
47 40 12
47 41 48
47 42 34
47 43 48
47 44 36
47 45 12
47 46 9
47 48 41
47 50 15
47 51 32
47 56 37
47 57 46
47 61 1
47 63 11
47 64 26
47 65 39
47 68 34
47 69 40
47 72 44
47 73 7
47 77 38
47 82 5
47 84 9
47 85 14
47 86 10
47 92 16
47 93 13
47 94 20
47 96 18
47 98 36
47 99 22
48 2 45
48 5 3
48 8 36
48 11 8
48 13 14
48 14 42
48 15 1
48 16 45
48 18 45
48 20 37
48 23 29
48 25 13
48 28 49
48 29 45
48 30 1
48 33 43
48 34 12
48 35 44
48 36 32
48 38 40
48 39 41
48 40 17
48 41 32
48 43 5
48 46 42
48 49 10
48 52 49
48 53 33
48 55 42
48 57 8
48 59 28
48 61 27
48 62 19
48 65 13
48 68 32
48 69 17
48 70 37
48 72 35
48 73 11
48 78 39
48 80 33
48 82 35
48 84 16
48 85 28
48 86 42
48 88 25
48 92 46
48 95 18
48 96 19
48 98 31
49 0 30
49 3 34
49 4 29
49 5 39
49 7 29
49 8 48
49 9 2
49 13 18
49 15 6
49 16 16
49 19 1
49 23 46
49 24 3
49 25 44
49 27 13
49 28 25
49 30 26
49 32 40
49 35 7
49 37 13
49 40 8
49 41 26
49 42 41
49 43 34
49 44 27
49 45 43
49 46 22
49 48 20
49 50 22
49 55 2
49 58 49
49 61 30
49 67 29
49 68 10
49 71 25
49 72 17
49 74 5
49 75 22
49 76 36
49 78 33
49 79 41
49 80 28
49 82 41
49 83 49
49 87 21
49 88 48
49 89 25
49 90 33
49 92 32
49 93 32
49 94 49
49 95 46
49 96 33
49 98 19
50 0 32
50 1 47
50 2 28
50 3 18
50 5 8
50 7 34
50 9 12
50 16 24
50 17 4
50 18 45
50 22 28
50 25 6
50 27 38
50 29 26
50 33 18
50 35 3
50 38 19
50 39 49
50 40 34
50 42 44
50 43 30
50 46 41
50 48 7
50 49 21
50 51 38
50 53 13
50 56 26
50 60 26
50 62 10
50 63 20
50 64 5
50 68 6
50 69 23
50 70 33
50 71 41
50 72 11
50 73 12
50 75 12
50 76 36
50 77 20
50 79 13
50 83 17
50 86 4
50 89 15
50 90 25
50 91 49
50 94 26
50 96 27
50 97 16
50 98 10
50 99 47
51 2 15
51 5 5
51 6 1
51 7 21
51 10 12
51 11 19
51 12 23
51 15 19
51 18 2
51 20 36
51 22 19
51 23 27
51 24 17
51 25 8
51 26 21
51 27 47
51 28 33
51 29 16
51 30 31
51 37 49
51 39 18
51 41 5
51 42 25
51 47 3
51 48 34
51 50 29
51 52 23
51 53 17
51 57 41
51 58 43
51 62 48
51 63 15
51 66 48
51 67 14
51 69 3
51 72 41
51 77 17
51 78 44
51 79 49
51 89 11
51 91 40
51 98 22
51 99 20
52 0 48
52 1 29
52 2 45
52 7 24
52 8 26
52 11 38
52 12 39
52 13 2
52 15 31
52 19 36
52 20 29
52 22 22
52 23 42
52 24 7
52 26 48
52 29 45
52 30 37
52 31 38
52 33 19
52 37 19
52 40 10
52 47 10
52 49 39
52 50 2
52 53 37
52 54 29
52 55 32
52 58 17
52 60 35
52 62 3
52 63 45
52 67 24
52 69 26
52 71 16
52 73 5
52 74 36
52 75 43
52 76 32
52 80 29
52 81 49
52 82 21
52 83 14
52 87 24
52 88 48
52 89 43
52 97 34
52 99 30
53 1 21
53 3 34
53 4 29
53 5 18
53 6 25
53 10 24
53 11 1
53 12 29
53 13 44
53 14 32
53 16 40
53 18 25
53 20 37
53 21 11
53 27 1
53 28 20
53 29 41
53 31 4
53 35 18
53 37 26
53 38 11
53 40 2
53 44 33
53 45 48
53 46 44
53 49 8
53 55 7
53 58 36
53 59 28
53 64 47
53 67 35
53 70 14
53 73 1
53 74 37
53 78 15
53 81 2
53 84 34
53 85 2
53 88 24
53 93 41
53 94 36
53 95 45
53 96 14
53 97 27
53 98 2
54 4 28
54 5 33
54 6 37
54 7 13
54 10 26
54 12 4
54 14 16
54 16 24
54 17 3
54 18 36
54 19 37
54 21 43
54 24 18
54 26 19
54 27 4
54 30 19
54 31 3
54 34 3
54 36 48
54 38 6
54 40 30
54 42 5
54 43 6
54 45 19
54 47 50
54 50 32
54 52 8
54 53 2
54 55 33
54 57 33
54 62 16
54 64 46
54 66 46
54 67 29
54 69 18
54 70 9
54 73 18
54 75 16
54 77 24
54 78 28
54 81 40
54 82 34
54 85 18
54 86 43
54 88 37
54 92 27
54 93 14
54 96 43
54 98 4
55 3 50
55 6 42
55 8 4
55 9 6
55 10 40
55 14 29
55 16 1
55 17 44
55 18 4
55 19 42
55 21 31
55 22 22
55 23 9
55 24 20
55 26 18
55 27 4
55 28 15
55 29 6
55 30 10
55 31 32
55 32 18
55 35 49
55 36 40
55 39 20
55 40 46
55 41 3
55 43 15
55 47 13
55 48 2
55 49 27
55 50 16
55 52 16
55 53 28
55 56 34
55 58 39
55 59 37
55 61 10
55 63 9
55 66 12
55 67 43
55 69 50
55 71 20
55 72 27
55 74 45
55 75 16
55 76 2
55 78 30
55 79 41
55 82 10
55 83 17
55 84 33
55 86 42
55 87 32
55 88 28
55 89 7
55 91 35
55 94 6
56 0 23
56 1 1
56 2 43
56 3 2
56 5 47
56 7 42
56 9 46
56 10 39
56 11 9
56 14 34
56 16 7
56 18 1
56 20 10
56 21 27
56 23 15
56 24 40
56 29 50
56 30 45
56 33 31
56 38 2
56 39 15
56 40 29
56 42 20
56 43 17
56 46 15
56 47 3
56 48 3
56 49 46
56 50 49
56 52 49
56 54 48
56 55 10
56 57 2
56 59 8
56 60 25
56 61 34
56 63 24
56 66 44
56 70 34
56 71 24
56 72 15
56 73 50
56 74 6
56 75 27
56 76 36
56 77 46
56 78 40
56 80 46
56 82 33
56 83 29
56 84 41
56 85 13
56 86 12
56 88 32
56 93 42
57 0 38
57 8 3
57 13 36
57 19 21
57 24 23
57 25 7
57 26 15
57 30 21
57 32 42
57 33 22
57 35 46
57 36 8
57 37 15
57 38 43
57 42 11
57 46 14
57 47 6
57 49 38
57 50 49
57 51 41
57 52 34
57 53 14
57 54 50
57 55 10
57 56 19
57 58 27
57 62 1
57 64 18
57 65 17
57 67 7
57 68 28
57 70 27
57 71 36
57 72 8
57 73 27
57 75 13
57 76 46
57 77 50
57 79 3
57 80 19
57 83 21
57 84 21
57 86 7
57 88 47
57 94 30
57 95 20
57 97 23
57 99 24
58 1 20
58 2 25
58 3 20
58 5 49
58 6 3
58 12 25
58 15 21
58 16 18
58 18 5
58 21 46
58 22 4
58 23 12
58 24 13
58 27 8
58 28 1
58 30 8
58 31 4
58 32 45
58 33 6
58 36 13
58 37 43
58 39 38
58 43 4
58 44 21
58 49 42
58 51 36
58 54 48
58 56 24
58 57 36
58 62 25
58 63 25
58 64 16
58 66 4
58 67 5
58 68 1
58 69 38
58 71 37
58 72 36
58 73 17
58 74 12
58 78 38
58 79 47
58 80 25
58 81 15
58 83 27
58 84 6
58 85 44
58 86 33
58 88 7
58 89 47
58 90 20
58 91 8
58 92 29
58 96 33
58 97 9
59 6 40
59 10 4
59 12 47
59 13 38
59 16 4
59 18 45
59 19 14
59 20 9
59 26 2
59 31 22
59 32 26
59 33 28
59 34 5
59 35 14
59 40 7
59 42 8
59 44 8
59 45 50
59 53 9
59 55 2
59 56 36
59 60 6
59 62 3
59 64 4
59 65 14
59 66 37
59 67 23
59 68 27
59 69 7
59 70 24
59 73 13
59 75 29
59 77 44
59 78 31
59 83 23
59 84 14
59 85 13
59 86 13
59 90 10
59 92 7
59 95 35
59 96 7
59 97 21
59 98 7
60 2 8
60 4 7
60 5 48
60 6 13
60 7 7
60 8 45
60 9 31
60 15 21
60 25 33
60 27 23
60 28 17
60 34 32
60 37 2
60 43 14
60 44 4
60 51 7
60 55 49
60 56 25
60 57 4
60 58 5
60 59 39
60 64 42
60 65 5
60 66 17
60 67 19
60 68 34
60 70 50
60 71 21
60 74 8
60 75 11
60 76 3
60 78 14
60 80 33
60 81 2
60 82 30
60 84 45
60 85 16
60 86 8
60 88 6
60 90 9
60 91 29
60 93 26
60 96 36
61 2 6
61 6 37
61 12 26
61 13 22
61 14 28
61 17 2
61 18 35
61 19 14
61 22 11
61 24 11
61 25 22
61 27 20
61 29 2
61 30 8
61 32 28
61 34 46
61 35 21
61 37 32
61 38 40
61 39 25
61 40 47
61 41 45
61 51 31
61 52 26
61 63 10
61 64 43
61 65 37
61 66 38
61 67 31
61 74 32
61 76 24
61 78 1
61 79 3
61 80 45
61 83 1
61 86 42
61 87 20
61 89 16
61 90 12
61 91 21
61 93 7
61 94 43
61 95 20
61 96 21
61 99 20
62 1 44
62 2 38
62 4 45
62 5 33
62 7 17
62 9 34
62 10 12
62 11 21
62 15 37
62 17 9
62 19 21
62 21 2
62 24 30
62 25 25
62 26 26
62 31 28
62 32 40
62 34 10
62 35 21
62 36 37
62 37 30
62 39 13
62 40 15
62 44 42
62 46 19
62 47 29
62 49 15
62 50 23
62 52 9
62 54 30
62 58 15
62 63 8
62 65 46
62 69 17
62 70 12
62 71 41
62 75 42
62 76 39
62 78 43
62 79 39
62 82 36
62 83 17
62 84 37
62 85 19
62 88 3
62 89 45
62 93 12
62 96 36
62 99 47
63 0 43
63 4 27
63 6 17
63 7 8
63 8 20
63 9 3
63 11 12
63 12 3
63 15 27
63 16 9
63 17 21
63 19 43
63 23 48
63 24 37
63 25 19
63 26 40
63 27 36
63 28 2
63 29 46
63 31 34
63 37 3
63 40 40
63 42 1
63 43 44
63 44 17
63 55 41
63 59 30
63 60 33
63 61 31
63 64 41
63 66 8
63 68 46
63 70 42
63 73 15
63 75 49
63 76 7
63 77 37
63 79 33
63 82 3
63 84 50
63 85 8
63 87 43
63 88 26
63 89 10
63 91 13
63 92 21
63 93 21
64 0 41
64 1 23
64 4 24
64 5 8
64 6 30
64 9 44
64 10 15
64 12 48
64 13 21
64 15 9
64 16 48
64 20 15
64 21 19
64 26 29
64 27 39
64 29 23
64 31 42
64 34 47
64 38 5
64 42 49
64 44 7
64 54 20
64 55 15
64 57 3
64 58 30
64 59 9
64 60 16
64 63 34
64 67 12
64 71 5
64 72 22
64 75 22
64 77 36
64 78 22
64 79 4
64 80 38
64 81 42
64 82 21
64 84 36
64 89 15
64 93 17
64 94 50
64 95 11
64 96 12
65 3 32
65 4 41
65 5 5
65 7 48
65 9 4
65 10 3
65 11 30
65 12 1
65 14 9
65 16 23
65 19 22
65 20 24
65 22 45
65 24 38
65 25 12
65 26 40
65 27 10
65 28 21
65 29 34
65 30 25
65 32 40
65 35 10
65 36 25
65 37 4
65 39 26
65 41 33
65 44 10
65 47 26
65 48 17
65 49 35
65 50 48
65 51 24
65 54 43
65 57 24
65 58 2
65 61 5
65 63 7
65 66 29
65 67 38
65 69 47
65 72 26
65 73 48
65 77 24
65 78 47
65 80 47
65 81 19
65 83 4
65 84 37
65 85 24
65 86 3
65 87 32
65 88 15
65 91 23
65 95 37
65 99 13
66 1 48
66 5 38
66 8 32
66 11 47
66 12 37
66 15 42
66 16 37
66 18 25
66 19 10
66 20 20
66 22 24
66 27 37
66 29 14
66 31 44
66 34 47
66 37 32
66 39 24
66 40 42
66 41 7
66 43 16
66 45 42
66 48 3
66 50 1
66 52 32
66 53 48
66 54 48
66 56 43
66 60 8
66 62 44
66 64 19
66 65 2
66 67 18
66 69 32
66 70 10
66 72 1
66 74 44
66 78 9
66 79 32
66 80 1
66 83 50
66 84 36
66 87 34
66 88 5
66 94 6
66 95 36
66 97 29
67 2 30
67 4 6
67 7 21
67 9 33
67 15 28
67 16 26
67 17 36
67 21 32
67 23 50
67 26 34
67 27 37
67 31 26
67 32 15
67 36 38
67 37 39
67 38 22
67 39 11
67 42 33
67 44 6
67 48 25
67 51 39
67 52 40
67 54 12
67 55 34
67 58 17
67 59 1
67 60 16
67 63 17
67 64 16
67 65 39
67 69 48
67 71 30
67 72 42
67 74 30
67 76 42
67 78 17
67 80 18
67 81 6
67 85 43
67 88 3
67 89 27
67 91 37
67 92 23
67 93 42
67 94 27
67 95 17
67 96 24
67 98 28
67 99 18
68 0 14
68 1 42
68 2 33
68 3 39
68 5 36
68 6 45
68 7 40
68 8 19
68 10 32
68 12 36
68 13 2
68 15 43
68 16 20
68 21 4
68 23 15
68 25 19
68 27 36
68 30 1
68 33 49
68 36 26
68 37 45
68 38 27
68 40 41
68 43 49
68 46 44
68 48 9
68 50 16
68 51 43
68 52 29
68 54 36
68 56 9
68 59 28
68 61 46
68 63 49
68 64 10
68 65 50
68 67 20
68 69 22
68 70 44
68 71 6
68 72 43
68 73 50
68 74 10
68 79 20
68 81 35
68 83 9
68 88 4
68 89 29
68 90 14
68 94 28
68 95 24
68 96 38
68 98 31
69 0 7
69 2 45
69 3 29
69 8 37
69 10 28
69 11 12
69 14 20
69 15 50
69 17 3
69 18 4
69 19 12
69 20 31
69 23 12
69 31 28
69 32 33
69 35 27
69 39 31
69 41 12
69 45 18
69 46 2
69 47 24
69 48 25
69 49 33
69 52 47
69 53 47
69 54 18
69 55 31
69 58 43
69 60 15
69 65 47
69 68 11
69 70 6
69 71 29
69 72 21
69 75 40
69 78 45
69 80 23
69 84 2
69 85 32
69 86 8
69 88 11
69 89 1
69 91 4
69 94 19
69 96 9
69 98 32
70 0 5
70 1 39
70 3 3
70 5 48
70 6 40
70 7 30
70 9 40
70 10 19
70 11 15
70 12 29
70 14 33
70 16 3
70 18 5
70 19 36
70 20 43
70 21 21
70 22 42
70 23 19
70 30 12
70 31 37
70 32 46
70 34 33
70 35 34
70 37 20
70 38 6
70 39 24
70 40 18
70 43 35
70 47 23
70 48 13
70 50 29
70 51 5
70 53 10
70 54 14
70 56 22
70 57 33
70 58 42
70 59 44
70 61 3
70 62 31
70 65 31
70 68 21
70 71 30
70 75 47
70 81 15
70 83 50
70 85 47
70 86 50
70 87 32
70 89 48
70 94 43
70 95 49
70 96 5
70 97 19
71 3 13
71 5 21
71 10 23
71 13 23
71 15 42
71 16 32
71 18 4
71 19 13
71 20 1
71 22 7
71 26 21
71 29 17
71 30 2
71 31 34
71 33 29
71 34 8
71 35 16
71 36 39
71 37 28
71 38 36
71 40 4
71 41 18
71 43 3
71 44 43
71 46 2
71 48 46
71 49 29
71 50 23
71 55 20
71 57 12
71 58 49
71 59 4
71 62 45
71 66 7
71 69 34
71 70 35
71 73 19
71 74 16
71 76 1
71 78 34
71 81 40
71 82 27
71 83 26
71 85 13
71 86 21
71 89 36
71 90 10
71 91 2
71 92 11
72 1 23
72 2 46
72 3 14
72 6 17
72 7 31
72 9 48
72 11 46
72 15 42
72 16 39
72 17 29
72 18 13
72 22 45
72 23 15
72 27 49
72 28 21
72 29 1
72 30 43
72 32 12
72 33 28
72 36 27
72 38 31
72 39 26
72 40 36
72 41 30
72 43 11
72 45 45
72 46 20
72 47 5
72 49 4
72 51 25
72 53 31
72 54 34
72 57 5
72 59 17
72 60 37
72 63 37
72 64 19
72 65 11
72 67 33
72 69 28
72 74 20
72 76 33
72 83 21
72 84 50
72 86 9
72 90 19
72 91 24
72 93 28
72 95 12
72 97 48
73 1 6
73 2 7
73 3 29
73 7 32
73 10 19
73 12 33
73 15 4
73 19 35
73 22 6
73 24 46
73 25 18
73 26 34
73 28 39
73 30 18
73 31 6
73 33 26
73 35 43
73 37 48
73 42 17
73 45 33
73 46 31
73 48 25
73 49 40
73 50 16
73 51 13
73 53 10
73 54 26
73 56 13
73 57 47
73 60 35
73 61 39
73 62 32
73 63 25
73 67 23
73 68 36
73 69 47
73 70 1
73 71 6
73 72 12
73 81 9
73 82 42
73 85 27
73 86 3
73 89 41
73 90 33
73 91 28
73 92 18
73 95 18
73 96 32
73 99 32
74 1 47
74 3 36
74 4 34
74 8 31
74 9 20
74 10 6
74 12 5
74 14 26
74 15 50
74 16 31
74 22 5
74 23 46
74 24 41
74 25 44
74 26 9
74 29 17
74 30 38
74 31 18
74 33 44
74 34 16
74 35 31
74 36 27
74 37 13
74 40 45
74 41 9
74 42 50
74 47 30
74 48 17
74 49 8
74 50 32
74 52 49
74 54 20
74 55 15
74 56 2
74 57 17
74 58 13
74 61 20
74 62 48
74 64 36
74 65 3
74 67 20
74 72 20
74 75 46
74 76 28
74 77 20
74 79 6
74 80 43
74 81 2
74 82 34
74 83 39
74 84 4
74 85 20
74 86 41
74 87 14
74 88 16
74 91 35
74 94 46
74 95 23
74 98 24
74 99 49
75 0 20
75 2 4
75 3 39
75 4 37
75 5 34
75 6 4
75 7 13
75 8 12
75 9 5
75 10 5
75 18 21
75 20 32
75 22 47
75 24 23
75 25 40
75 27 5
75 29 48
75 30 21
75 31 27
75 34 34
75 35 17
75 40 39
75 41 31
75 42 30
75 43 14
75 45 47
75 49 25
75 51 9
75 52 46
75 53 27
75 54 9
75 56 9
75 58 26
75 59 12
75 62 26
75 64 8
75 66 38
75 70 16
75 77 26
75 79 35
75 80 30
75 81 15
75 82 34
75 83 21
75 84 13
75 85 46
75 87 39
75 89 19
75 90 33
75 92 23
75 93 20
75 94 29
75 96 4
75 97 13
75 99 27
76 0 41
76 1 50
76 5 4
76 6 3
76 7 28
76 9 13
76 10 9
76 11 21
76 12 8
76 13 25
76 16 19
76 18 27
76 19 46
76 21 20
76 24 38
76 26 26
76 27 32
76 28 48
76 29 2
76 32 42
76 36 40
76 41 28
76 42 18
76 43 37
76 49 29
76 50 21
76 52 14
76 53 14
76 55 3
76 56 19
76 58 2
76 62 13
76 63 47
76 66 27
76 69 34
76 73 47
76 74 9
76 75 9
76 80 49
76 81 47
76 83 32
76 86 31
76 88 22
76 89 43
76 90 26
76 91 48
76 92 5
76 94 1
76 98 49
76 99 16
77 1 15
77 3 5
77 5 17
77 8 46
77 10 49
77 11 11
77 12 7
77 13 29
77 15 19
77 17 17
77 18 27
77 19 43
77 20 12
77 21 48
77 24 32
77 25 27
77 26 35
77 29 38
77 32 17
77 33 35
77 34 36
77 36 20
77 39 40
77 40 1
77 47 37
77 48 22
77 50 2
77 54 33
77 55 14
77 56 16
77 57 34
77 58 14
77 61 34
77 63 7
77 69 34
77 70 3
77 72 28
77 73 35
77 74 3
77 75 43
77 78 45
77 79 3
77 80 5
77 83 17
77 84 29
77 86 39
77 88 46
77 95 35
77 96 43
78 1 14
78 3 31
78 8 12
78 12 37
78 13 35
78 14 40
78 15 43
78 16 44
78 17 42
78 18 12
78 20 19
78 21 4
78 22 37
78 23 29
78 25 31
78 28 13
78 29 39
78 30 7
78 31 30
78 32 47
78 33 31
78 35 6
78 38 11
78 40 14
78 42 38
78 43 43
78 45 21
78 48 26
78 49 8
78 51 23
78 52 49
78 53 42
78 54 37
78 60 47
78 61 26
78 62 42
78 63 25
78 65 14
78 68 49
78 70 17
78 72 8
78 75 21
78 79 24
78 80 40
78 87 40
78 88 9
78 89 8
78 91 47
78 93 40
78 94 21
78 97 42
78 98 46
79 0 48
79 2 12
79 3 19
79 4 15
79 7 7
79 9 25
79 11 49
79 12 35
79 13 50
79 19 14
79 20 18
79 21 48
79 22 34
79 23 38
79 27 18
79 28 43
79 29 34
79 30 29
79 32 31
79 33 1
79 36 33
79 39 13
79 43 22
79 45 38
79 46 29
79 56 26
79 58 34
79 60 48
79 63 50
79 65 6
79 67 15
79 74 18
79 75 44
79 80 5
79 81 37
79 83 20
79 84 7
79 85 33
79 88 17
79 93 18
79 97 25
79 98 11
79 99 31
80 1 20
80 2 18
80 3 14
80 4 35
80 6 44
80 7 38
80 8 9
80 9 25
80 12 38
80 13 18
80 14 16
80 16 9
80 18 25
80 19 47
80 22 44
80 26 38
80 27 32
80 31 9
80 34 6
80 36 25
80 37 16
80 40 22
80 45 21
80 46 11
80 47 36
80 50 4
80 53 1
80 54 46
80 55 23
80 57 33
80 58 21
80 59 44
80 60 16
80 61 15
80 63 4
80 65 1
80 66 38
80 67 49
80 68 20
80 69 17
80 74 48
80 76 46
80 82 20
80 84 44
80 90 18
80 91 10
80 92 12
80 94 22
80 96 9
80 98 12
80 99 29
81 0 34
81 1 48
81 2 21
81 4 35
81 6 27
81 7 50
81 8 26
81 9 38
81 10 38
81 11 43
81 12 35
81 15 31
81 17 29
81 19 49
81 28 2
81 29 42
81 30 43
81 32 3
81 33 38
81 36 16
81 38 39
81 39 18
81 42 15
81 43 13
81 44 31
81 46 45
81 48 39
81 49 26
81 51 14
81 54 39
81 58 30
81 59 21
81 63 29
81 64 12
81 65 43
81 66 42
81 67 10
81 68 38
81 71 4
81 73 8
81 77 19
81 80 1
81 82 28
81 84 32
81 86 40
81 88 8
81 89 17
81 92 33
81 95 33
81 98 38
81 99 19
82 1 43
82 3 8
82 4 43
82 5 41
82 6 40
82 7 47
82 10 29
82 11 30
82 12 47
82 14 46
82 17 14
82 20 12
82 24 13
82 29 17
82 30 41
82 35 40
82 38 48
82 41 50
82 46 27
82 48 6
82 49 37
82 50 33
82 52 7
82 54 43
82 56 25
82 57 23
82 59 16
82 62 49
82 64 32
82 65 32
82 66 21
82 70 16
82 71 28
82 72 42
82 73 48
82 76 23
82 77 3
82 79 50
82 80 34
82 83 1
82 84 9
82 87 15
82 88 1
82 89 12
82 92 11
82 94 23
82 95 37
82 97 29
83 0 24
83 2 17
83 4 17
83 7 15
83 10 32
83 11 12
83 13 37
83 14 13
83 17 27
83 19 39
83 23 23
83 25 22
83 26 24
83 27 3
83 28 34
83 29 3
83 30 9
83 32 47
83 34 17
83 36 42
83 38 1
83 39 8
83 40 48
83 41 35
83 44 43
83 45 29
83 46 7
83 48 9
83 50 42
83 51 26
83 52 4
83 53 47
83 54 36
83 55 34
83 56 17
83 57 6
83 63 41
83 65 3
83 66 50
83 67 29
83 71 33
83 73 23
83 76 4
83 77 44
83 81 16
83 86 12
83 87 47
83 90 30
83 92 26
83 94 41
83 95 29
83 96 14
83 97 21
83 98 29
83 99 1
84 0 19
84 2 10
84 3 50
84 4 28
84 5 32
84 6 21
84 11 14
84 12 6
84 14 1
84 15 42
84 16 32
84 17 43
84 18 29
84 19 12
84 20 48
84 22 5
84 25 8
84 26 48
84 28 24
84 31 38
84 32 42
84 35 12
84 37 30
84 38 10
84 40 7
84 41 45
84 42 18
84 43 47
84 44 19
84 46 26
84 47 39
84 48 19
84 49 5
84 51 49
84 53 22
84 54 50
84 55 41
84 56 40
84 57 6
84 59 24
84 60 28
84 65 46
84 73 1
84 74 7
84 77 14
84 79 40
84 82 29
84 83 45
84 86 50
84 87 49
84 88 41
84 89 31
84 93 8
84 94 36
84 96 34
84 98 36
85 0 29
85 2 5
85 3 48
85 6 1
85 12 43
85 20 15
85 21 9
85 23 9
85 24 18
85 25 11
85 26 26
85 28 1
85 32 16
85 34 43
85 36 34
85 38 31
85 39 34
85 40 26
85 41 20
85 43 34
85 48 19
85 52 1
85 53 43
85 62 23
85 63 39
85 67 18
85 69 32
85 71 17
85 73 7
85 74 31
85 76 13
85 78 6
85 79 1
85 82 19
85 84 42
85 86 21
85 88 19
85 90 40
85 91 43
85 94 15
85 97 23
85 98 31
85 99 5
86 0 15
86 5 8
86 6 29
86 10 12
86 12 1
86 13 20
86 15 4
86 18 25
86 19 27
86 20 45
86 21 15
86 23 19
86 25 16
86 27 4
86 32 6
86 34 40
86 35 41
86 38 13
86 40 26
86 41 49
86 42 39
86 43 42
86 44 40
86 47 37
86 48 47
86 50 24
86 51 34
86 52 17
86 53 32
86 54 49
86 55 33
86 56 5
86 58 20
86 60 35
86 62 46
86 63 23
86 64 22
86 66 31
86 67 20
86 70 27
86 71 24
86 75 25
86 76 29
86 79 46
86 82 24
86 83 11
86 84 30
86 85 30
86 87 2
86 88 50
86 89 34
86 91 8
86 93 25
86 97 10
86 98 41
86 99 7
87 0 45
87 1 2
87 2 24
87 4 35
87 5 39
87 6 12
87 7 37
87 8 8
87 9 2
87 10 48
87 11 19
87 12 42
87 13 28
87 14 25
87 18 49
87 19 41
87 26 47
87 27 23
87 29 39
87 31 46
87 35 41
87 39 50
87 40 36
87 41 20
87 43 1
87 44 19
87 46 32
87 47 8
87 48 10
87 51 45
87 53 23
87 55 41
87 56 38
87 57 15
87 58 48
87 60 44
87 62 10
87 63 50
87 64 10
87 65 26
87 66 35
87 67 14
87 69 12
87 72 35
87 75 31
87 78 21
87 81 50
87 82 20
87 84 36
87 86 8
87 90 21
87 91 37
87 92 21
87 93 46
87 95 30
87 97 34
87 98 22
87 99 1
88 0 36
88 1 24
88 2 2
88 5 18
88 6 40
88 7 22
88 8 1
88 9 17
88 11 46
88 12 8
88 13 8
88 14 14
88 15 50
88 24 14
88 26 4
88 30 36
88 33 32
88 34 41
88 35 31
88 38 47
88 40 48
88 41 26
88 42 39
88 44 39
88 46 27
88 48 29
88 49 32
88 53 21
88 57 48
88 58 40
88 60 21
88 61 2
88 62 26
88 65 35
88 66 13
88 68 7
88 73 19
88 76 32
88 78 6
88 81 10
88 84 21
88 86 23
88 89 41
88 90 13
88 92 44
88 94 38
88 96 19
89 3 17
89 4 27
89 5 12
89 10 39
89 14 22
89 15 33
89 16 1
89 17 34
89 18 32
89 19 36
89 22 3
89 25 26
89 28 16
89 29 23
89 30 38
89 32 41
89 33 24
89 37 18
89 39 5
89 42 26
89 43 46
89 45 15
89 54 2
89 56 48
89 57 7
89 58 9
89 61 33
89 62 40
89 63 36
89 64 29
89 66 7
89 69 44
89 75 21
89 77 41
89 79 45
89 80 43
89 84 28
89 85 40
89 88 35
89 90 28
89 91 23
89 92 35
89 93 13
89 95 23
89 98 18
90 0 3
90 3 31
90 4 46
90 6 45
90 8 40
90 10 13
90 12 2
90 14 6
90 15 20
90 17 17
90 19 37
90 21 5
90 24 20
90 25 46
90 26 6
90 27 35
90 31 48
90 32 13
90 34 22
90 35 50
90 36 27
90 37 41
90 38 3
90 39 50
90 41 17
90 42 39
90 43 42
90 44 40
90 48 23
90 51 25
90 54 15
90 55 42
90 56 32
90 58 19
90 59 5
90 60 27
90 62 7
90 65 30
90 66 36
90 67 41
90 68 19
90 70 27
90 71 44
90 77 50
90 78 45
90 79 10
90 81 2
90 82 17
90 85 32
90 87 31
90 92 2
90 95 50
90 96 8
90 97 18
90 98 36
91 0 40
91 1 19
91 2 7
91 3 26
91 4 44
91 5 5
91 8 24
91 9 9
91 14 44
91 17 50
91 18 28
91 20 31
91 21 11
91 25 42
91 27 25
91 28 37
91 33 23
91 40 48
91 42 24
91 44 6
91 47 27
91 49 41
91 53 26
91 56 6
91 58 22
91 59 19
91 62 29
91 66 36
91 67 22
91 69 32
91 71 9
91 73 20
91 75 31
91 76 1
91 78 32
91 83 38
91 85 45
91 86 8
91 89 24
91 93 14
91 97 18
91 98 18
92 0 17
92 1 1
92 3 27
92 5 17
92 6 4
92 8 5
92 12 5
92 15 10
92 16 42
92 18 21
92 23 20
92 29 49
92 32 49
92 36 40
92 38 36
92 40 48
92 41 17
92 42 36
92 43 19
92 45 50
92 47 43
92 51 24
92 52 45
92 64 19
92 68 12
92 69 34
92 75 3
92 76 3
92 77 27
92 78 50
92 79 25
92 80 18
92 81 42
92 82 48
92 83 37
92 84 38
92 85 27
92 89 14
92 90 15
92 93 4
92 94 23
92 97 46
92 99 3
93 0 32
93 3 15
93 6 37
93 8 49
93 13 21
93 14 18
93 15 21
93 18 1
93 19 26
93 23 30
93 24 6
93 26 18
93 28 43
93 29 17
93 32 33
93 33 46
93 40 27
93 41 14
93 42 30
93 43 14
93 45 50
93 46 46
93 49 39
93 51 43
93 52 30
93 55 9
93 58 4
93 59 18
93 60 20
93 61 22
93 62 17
93 63 33
93 71 38
93 74 42
93 75 5
93 76 2
93 77 23
93 78 41
93 79 2
93 81 24
93 82 31
93 83 20
93 84 50
93 85 9
93 87 46
93 88 31
93 91 45
93 94 48
93 96 41
93 97 47
94 0 4
94 1 48
94 3 17
94 5 1
94 7 19
94 8 43
94 12 48
94 14 2
94 15 7
94 16 2
94 18 10
94 19 19
94 21 22
94 22 49
94 23 13
94 26 27
94 27 28
94 30 15
94 31 7
94 32 48
94 33 1
94 35 44
94 36 37
94 37 48
94 38 29
94 39 35
94 40 28
94 43 7
94 45 32
94 46 13
94 47 2
94 48 19
94 49 29
94 50 2
94 51 20
94 52 50
94 53 43
94 54 31
94 55 44
94 58 6
94 61 20
94 62 21
94 66 24
94 68 22
94 69 45
94 70 11
94 73 4
94 76 32
94 77 20
94 78 43
94 79 44
94 87 45
94 88 23
94 89 13
94 90 2
94 91 13
94 92 4
94 93 38
94 97 20
94 98 45
94 99 24
95 0 18
95 4 18
95 6 50
95 7 5
95 8 16
95 9 9
95 11 31
95 12 13
95 14 18
95 15 46
95 16 28
95 17 45
95 18 7
95 22 34
95 23 11
95 24 19
95 25 12
95 26 38
95 31 35
95 33 37
95 35 44
95 38 2
95 41 33
95 42 23
95 43 22
95 45 18
95 46 32
95 48 2
95 50 19
95 51 50
95 53 47
95 57 1
95 61 4
95 62 20
95 66 20
95 67 36
95 68 8
95 69 48
95 71 17
95 77 50
95 78 15
95 79 25
95 80 6
95 81 45
95 82 1
95 85 27
95 86 9
95 90 18
95 93 28
95 94 27
95 97 40
95 98 11
96 2 25
96 4 44
96 6 7
96 7 36
96 8 39
96 10 47
96 12 35
96 14 32
96 16 50
96 17 19
96 18 2
96 19 50
96 21 18
96 24 25
96 25 22
96 26 24
96 27 32
96 28 36
96 29 19
96 33 13
96 34 27
96 38 9
96 41 26
96 43 5
96 44 32
96 45 6
96 46 16
96 47 3
96 48 31
96 49 17
96 51 11
96 56 26
96 58 23
96 60 6
96 61 32
96 63 22
96 65 32
96 66 48
96 67 15
96 68 8
96 69 33
96 70 9
96 71 10
96 73 20
96 75 38
96 81 42
96 84 21
96 86 35
96 87 40
96 89 6
96 90 49
96 91 18
96 94 17
96 95 27
96 99 11
97 1 4
97 6 7
97 7 18
97 8 43
97 9 5
97 10 18
97 12 38
97 15 39
97 17 10
97 19 21
97 27 15
97 30 33
97 31 6
97 34 32
97 35 15
97 37 5
97 40 11
97 41 46
97 45 49
97 46 46
97 47 8
97 48 50
97 50 1
97 51 23
97 52 18
97 53 9
97 57 24
97 64 42
97 67 30
97 68 11
97 74 3
97 76 28
97 77 48
97 78 27
97 80 10
97 81 29
97 83 35
97 85 39
97 86 45
97 88 42
97 90 28
97 98 32
97 99 47
98 0 26
98 1 49
98 3 33
98 4 36
98 5 8
98 7 33
98 11 38
98 12 49
98 14 13
98 20 6
98 21 11
98 22 12
98 24 39
98 25 22
98 28 7
98 30 25
98 31 1
98 32 47
98 33 41
98 34 7
98 39 42
98 40 7
98 41 40
98 42 1
98 43 28
98 45 5
98 47 6
98 49 17
98 50 12
98 51 50
98 52 18
98 53 20
98 54 32
98 56 33
98 58 39
98 60 24
98 66 8
98 68 5
98 69 48
98 71 4
98 77 38
98 78 36
98 80 29
98 81 40
98 82 11
98 84 24
98 85 39
98 86 40
98 88 18
98 90 19
98 92 28
98 97 31
99 0 2
99 2 12
99 5 2
99 6 37
99 7 32
99 9 48
99 12 23
99 13 27
99 14 17
99 16 21
99 17 6
99 18 44
99 20 15
99 21 28
99 22 35
99 23 45
99 25 45
99 27 38
99 31 21
99 36 45
99 39 14
99 40 36
99 42 13
99 47 8
99 49 34
99 51 3
99 54 36
99 57 9
99 60 1
99 62 8
99 63 10
99 64 42
99 66 39
99 68 5
99 70 37
99 71 12
99 72 11
99 73 41
99 75 4
99 76 43
99 79 24
99 80 12
99 85 22
99 86 24
99 92 34
99 95 31
99 96 18
99 97 39
99 98 36
